GEO_ID|B11001_E001|B11001_M001|B11001_E002|B11001_M002|B11001_E003|B11001_M003|B11001_E004|B11001_M004|B11001_E005|B11001_M005|B11001_E006|B11001_M006|B11001_E007|B11001_M007|B11001_E008|B11001_M008|B11001_E009|B11001_M009
0100000US|129227496|209365|82990528|184702|60637388|248654|22353140|75897|6572819|38102|15780321|47162|46236968|51065|37140836|69832|9096132|35680
0100089US|368826|4053|247128|3252|148567|2215|98561|2051|28914|1016|69647|1502|121698|1930|102213|1711|19485|599
0100090US|564|144|412|121|200|77|212|80|60|29|152|68|152|69|147|69|5|6
0100091US|1008559|1991|664995|2945|487715|2861|177280|2029|55925|1297|121355|1748|343564|2812|289405|2746|54159|1237
0100092US|24964|484|15814|454|13012|397|2802|228|792|103|2010|198|9150|356|7264|335|1886|154
0100093US|97518|942|64388|1065|46691|963|17697|764|6744|405|10953|605|33130|877|26343|858|6787|449
0100094US|437646|2953|286169|2743|190570|2368|95599|1717|23611|1082|71988|1656|151477|1945|130409|1912|21068|994
0100095US|10720|579|9077|565|5767|412|3310|287|997|155|2313|222|1643|162|1323|155|320|58
01000A0US|122036969|184818|78346571|171775|57109909|235848|21236662|75446|6221094|37317|15015568|47742|43690398|43296|34953564|59579|8736834|35605
01000C0US|110905060|161483|71221899|157021|51829003|215515|19392896|70290|5651799|35085|13741097|44893|39683161|41170|31637358|52846|8045803|33558
01000C1US|44565063|58984|25440429|65961|16987514|79944|8452915|28719|2329570|17928|6123345|20322|19124634|32989|14956991|31189|4167643|19597
01000C2US|66339997|109297|45781470|96039|34841489|139131|10939981|51623|3322229|24261|7617752|32775|20558527|38541|16680367|46140|3878160|24193
01000E0US|11131909|25123|7124672|18902|5280906|23851|1843766|11124|569295|6446|1274471|8745|4007237|13549|3316206|15450|691031|6597
01000E1US|3755468|14263|2127435|10289|1409697|12394|717738|6520|196974|3383|520764|5654|1628033|8781|1328947|9512|299086|4617
01000E2US|7376441|14148|4997237|11747|3871209|14233|1126028|7741|372321|5267|753707|6264|2379204|10248|1987259|10955|391945|4475
01000G0US|7190527|25658|4643957|15781|3527479|15582|1116478|7428|351725|4165|764753|5552|2546570|15445|2187272|14889|359298|4074
01000H0US|18322436|49589|11768629|31560|8808385|36864|2960244|12179|921020|8397|2039224|9296|6553807|24564|5503478|26787|1050329|8368
010C201US|103453986|164421|64760698|155348|46030669|209671|18730029|66090|5338471|32764|13391558|43053|38693288|43164|30839246|54721|7854042|31687
010C243US|25773510|53104|18229830|36761|14606719|44175|3623111|16039|1234348|11313|2388763|10024|7543680|24929|6301590|27347|1242090|9151
0200000US1|22592216|32208|14218030|29865|10301514|41278|3916516|21304|1106756|10596|2809760|16174|8374186|19555|6728054|19630|1646132|12470
0200000US2|27971901|52613|17348055|37887|12990046|54335|4358009|25254|1329229|13025|3028780|16404|10623846|25101|8664728|29231|1959118|11190
0200000US3|49758750|88133|32413246|86235|23353101|105034|9060145|32738|2485024|19302|6575121|24846|17345504|31631|14223652|34313|3121852|19181
0200000US4|28904629|41928|19011197|46940|13992727|59776|5018470|22329|1651810|12318|3366660|14831|9893432|20399|7524402|19415|2369030|13501
02000A0US1|22003091|30068|13853714|28820|10014186|39968|3839528|21309|1079821|10662|2759707|16148|8149377|19101|6545696|19194|1603681|12246
02000A0US2|25450515|42073|15733844|34030|11708259|49396|4025585|24120|1208879|12397|2816706|15984|9716671|20560|7890031|24097|1826640|11145
02000A0US3|46445998|78237|30235973|80715|21777238|99832|8458735|32772|2315639|18626|6143096|25294|16210025|31539|13227866|32637|2982159|19214
02000A0US4|28137365|40152|18523040|45474|13610226|58801|4912814|22376|1616755|12347|3296059|14910|9614325|19822|7289971|18847|2324354|13510
02000C0US1|20547585|27697|12942851|27435|9321357|37652|3621494|20340|1006285|10561|2615209|15467|7604734|18649|6102985|18602|1501749|11834
02000C0US2|21975942|32374|13544129|29818|10026397|42959|3517732|21216|1034459|11109|2483273|14479|8431813|19088|6828195|21113|1603618|10658
02000C0US3|42059133|69753|27370430|75286|19745388|92016|7625042|30038|2090072|17026|5534970|23520|14688703|30345|11938378|31111|2750325|18231
02000C0US4|26322400|37292|17364489|42312|12735861|55666|4628628|22353|1520983|12552|3107645|14851|8957911|18363|6767800|18234|2190111|13059
02000C1US1|6799076|11014|3753411|14904|2245298|13803|1508113|11198|375694|5998|1132419|9462|3045665|14094|2392791|12421|652874|7987
02000C1US2|8296172|12906|4401877|14385|2889878|16651|1511999|10196|404495|6449|1107504|7328|3894295|12163|3093504|11146|800791|6385
02000C1US3|16268758|25926|9323106|31693|6192002|33707|3131104|16112|805307|9463|2325797|12933|6945652|22348|5564879|21322|1380773|12539
02000C1US4|13201057|20267|7962035|23207|5660336|29233|2301699|13843|744074|8329|1557625|10213|5239022|14922|3905817|12903|1333205|10212
02000C2US1|13748509|21974|9189440|18367|7076059|27835|2113381|15751|630591|7732|1482790|11903|4559069|15198|3710194|17433|848875|8078
02000C2US2|13679770|24334|9142252|19600|7136519|29683|2005733|16811|629964|8167|1375769|11301|4537518|15859|3734691|18321|802827|8243
02000C2US3|25790375|49533|18047324|49005|13553386|62124|4493938|21670|1284765|13063|3209173|16895|7743051|23053|6373499|23366|1369552|12891
02000C2US4|13121343|22408|9402454|22242|7075525|29899|2326929|14253|776909|8621|1550020|8975|3718889|14206|2861983|12912|856906|8494
02000E0US1|1455506|3853|910863|3704|692829|3782|218034|3127|73536|1802|144498|2794|544643|3273|442711|3461|101932|2347
02000E0US2|3474573|10675|2189715|7598|1681862|9171|507853|5992|174420|3620|333433|4110|1284858|7611|1061836|8181|223022|2956
02000E0US3|4386865|10863|2865543|10510|2031850|12117|833693|7564|225567|4277|608126|5884|1521322|8591|1289488|8452|231834|4355
02000E0US4|1814965|4974|1158551|6096|874365|6309|284186|4081|95772|2634|188414|3285|656414|5302|522171|5084|134243|2566
02000E1US1|298034|2337|155001|1947|100998|1981|54003|1575|16493|920|37510|1346|143033|2384|115036|2424|27997|1393
02000E1US2|1369437|7208|752332|5396|520130|6050|232202|3886|72250|2202|159952|2915|617105|5497|505462|5938|111643|2133
02000E1US3|1427703|6373|833827|5228|515088|5368|318739|4277|73186|2107|245553|3647|593876|5984|494777|5472|99099|3171
02000E1US4|660294|3912|386275|3459|273481|3314|112794|2612|35045|1663|77749|2490|274019|3961|213672|3390|60347|2193
02000E2US1|1157472|3480|755862|3024|591831|3184|164031|2674|57043|1752|106988|2377|401610|3165|327675|3404|73935|1925
02000E2US2|2105136|5467|1437383|4503|1161732|4923|275651|3836|102170|2470|173481|2787|667753|4974|556374|5052|111379|2176
02000E2US3|2959162|7708|2031716|7541|1516762|9150|514954|5534|152381|3403|362573|4784|927446|6604|794711|6429|132735|2866
02000E2US4|1154671|4044|772276|4221|600884|4629|171392|2817|60727|1935|110665|2110|382395|4146|308499|3910|73896|1829
02000G0US1|589125|2891|364316|2657|287328|2848|76988|1721|26935|935|50053|1416|224809|2413|182358|2444|42451|1285
02000G0US2|2521386|11261|1614211|6114|1281787|6549|332424|3291|120350|1817|212074|2527|907175|8122|774697|7800|132478|2018
02000G0US3|3312752|11258|2177273|8715|1575863|8460|601410|5244|169385|3281|432025|3763|1135479|8038|995786|7740|139693|2712
02000G0US4|767264|3075|488157|3418|382501|3020|105656|2283|35055|1392|70601|1755|279107|2882|234431|2961|44676|1701
02000H0US1|2044631|5756|1275179|5156|980157|5506|295022|3418|100471|2247|194551|2853|769452|4472|625069|4460|144383|2884
02000H0US2|5995959|21103|3803926|11799|2963649|14206|840277|7463|294770|4393|545507|5067|2192033|13534|1836533|14141|355500|3844
02000H0US3|7699617|20529|5042816|15988|3607713|17587|1435103|8776|394952|5576|1040151|6166|2656801|11436|2285274|12243|371527|5262
02000H0US4|2582229|6645|1646708|7454|1256866|7476|389842|4629|130827|3034|259015|3908|935521|6001|756602|5891|178919|3174
020C201US1|18966220|27970|11686779|27259|8222640|36103|3464139|19020|941952|9342|2522187|14950|7279441|19277|5852210|18979|1427231|11392
020C201US2|20994295|39751|12437085|33077|8912561|47228|3524524|21716|1007088|11061|2517436|14980|8557210|19330|6939299|22326|1617911|11274
020C201US3|37884375|65412|23961675|68227|16796244|82913|7165431|27662|1900615|16223|5264816|21706|13922700|31611|11296526|31235|2626174|17684
020C201US4|25609096|38443|16675159|43209|12099224|55644|4575935|21484|1488816|11958|3087119|14438|8933937|19762|6751211|17603|2182726|12794
020C243US1|3625996|9839|2531251|7728|2078874|8446|452377|4957|164804|2829|287573|3602|1094745|7476|875844|7194|218901|3835
020C243US2|6977606|16125|4910970|9403|4077485|10796|833485|6664|322141|4576|511344|4099|2066636|11850|1725429|11585|341207|3235
020C243US3|11874375|30590|8451571|23745|6556857|26808|1894714|10346|584409|7025|1310305|7993|3422804|15449|2927126|16081|495678|6477
020C243US4|3295533|10748|2336038|9272|1893503|9120|442535|5314|162994|3438|279541|3835|959495|6347|773191|6686|186304|3221
0300000US1|6087016|10892|3811250|11275|2838028|14466|973222|9471|284291|5166|688931|7994|2275766|10004|1772325|10781|503441|5901
0300000US2|16505200|22938|10406780|23073|7463486|30241|2943294|15622|822465|8816|2120829|12009|6098420|16003|4955729|15867|1142691|9850
0300000US3|19171498|31414|11883388|26376|8765417|37759|3117971|18099|933610|9859|2184361|12219|7288110|17362|5961507|20049|1326603|9508
0300000US4|8800403|22255|5464667|14821|4224629|19116|1240038|9958|395619|5914|844419|7192|3335736|12603|2703221|13767|632515|5692
0300000US5|26411354|50143|17048189|51351|12339673|62066|4708516|19875|1282203|12491|3426313|14993|9363165|21451|7610555|21917|1752610|12985
0300000US6|7781424|17329|5006971|15781|3584360|18326|1422611|9091|372793|5674|1049818|7584|2774453|11350|2334024|11377|440429|6282
0300000US7|15565972|23912|10358086|26830|7429068|31064|2929018|15781|830028|8214|2098990|13593|5207886|15949|4279073|15726|928813|10280
0300000US8|9810310|17023|6310096|18047|4752469|21724|1557627|10013|520657|6183|1036970|7684|3500214|11325|2697596|11560|802618|6564
0300000US9|19094319|26857|12701101|31910|9240258|40750|3460843|16458|1131153|10290|2329690|11024|6393218|16161|4826806|15306|1566412|10366
03000A0US1|5805646|9734|3641608|10625|2702855|13830|938753|9416|272779|5070|665974|8041|2164038|9361|1684001|10114|480037|5923
03000A0US2|16197445|22022|10212106|22648|7311331|29681|2900775|15506|807042|8946|2093733|11774|5985339|15828|4861695|15728|1123644|9644
03000A0US3|17960032|27281|11104669|24965|8153361|35638|2951308|17884|872714|9576|2078594|12182|6855363|16536|5594815|18454|1260548|9441
03000A0US4|7490483|15852|4629175|12384|3554898|16409|1074277|9119|336165|5590|738112|6633|2861308|9162|2295216|10320|566092|5686
03000A0US5|25064821|46519|16176242|49334|11712500|59806|4463742|20073|1215055|12157|3248687|15267|8888579|20716|7197136|20846|1691443|12907
03000A0US6|6872172|14281|4406851|13701|3154716|16453|1252135|8636|326017|5190|926118|7253|2465321|10480|2061216|10275|404105|6269
03000A0US7|14509005|21273|9652880|25421|6910022|29907|2742858|15459|774567|8125|1968291|13421|4856125|16057|3969514|15611|886611|10016
03000A0US8|9306254|15875|5990222|17098|4499158|20947|1491064|9795|498824|6092|992240|7721|3316032|10522|2541133|10968|774899|6249
03000A0US9|18831111|26282|12532818|31319|9111068|40522|3421750|16607|1117931|10323|2303819|11070|6298293|16423|4748838|15318|1549455|10478
03000C0US1|5324106|8896|3341072|10509|2468514|13284|872558|8840|250294|4890|622264|7662|1983034|9455|1540733|10097|442301|6030
03000C0US2|15223479|20471|9601779|21917|6852843|28074|2748936|15090|755991|8776|1992945|11234|5621700|16022|4562252|15523|1059448|9439
03000C0US3|15729581|22089|9690875|22296|7070957|31704|2619918|15995|758151|9162|1861767|11169|6038706|15832|4919529|16499|1119177|9514
03000C0US4|6246361|11561|3853254|10906|2955440|14454|897814|8411|276308|5152|621506|6391|2393107|8618|1908666|9362|484441|5081
03000C0US5|23344109|43056|15057008|46560|10921218|55603|4135790|18387|1127901|11780|3007889|14259|8287101|20007|6690520|19874|1596581|12369
03000C0US6|5487862|11627|3504475|12621|2515372|13927|989103|7177|255450|4501|733653|6145|1983387|10191|1650653|9707|332734|5402
03000C0US7|13227162|18905|8808947|24047|6308798|28453|2500149|14762|706721|8118|1793428|12730|4418215|15812|3597205|15395|821010|9732
03000C0US8|8338103|14425|5361242|15634|4018686|19221|1342556|10062|447444|5874|895112|7474|2976861|10138|2267204|10760|709657|6080
03000C0US9|17984297|24725|12003247|29668|8717175|38807|3286072|16400|1073539|10298|2212533|11032|5981050|15233|4500596|14621|1480454|9936
03000C1US1|1338282|4029|717487|4895|456036|5041|261451|4236|69279|2418|192172|3935|620795|5096|462268|4669|158527|3076
03000C1US2|5460794|9847|3035924|13269|1789262|12241|1246662|9364|306415|5677|940247|7814|2424870|13416|1930523|11761|494347|7525
03000C1US3|5578851|8672|2955367|11300|1851787|11494|1103580|8193|285725|5156|817855|6373|2623484|10769|2100739|9579|522745|6243
03000C1US4|2717321|6619|1446510|6541|1038091|7821|408419|5104|118770|3014|289649|4126|1270811|6228|992765|6168|278046|3868
03000C1US5|7362543|15007|4076582|17871|2741793|18144|1334789|10379|333474|6750|1001315|8845|3285961|13824|2610061|12949|675900|8010
03000C1US6|2248510|6776|1246841|6220|787495|6864|459346|5547|106864|2665|352482|5065|1001669|6977|815321|6754|186348|4041
03000C1US7|6657705|10666|3999683|13301|2662714|15038|1336969|10004|364969|5837|972000|8553|2658022|12277|2139497|12416|518525|7428
03000C1US8|4422746|8822|2607213|9761|1855812|11880|751401|8264|245151|4165|506250|6801|1815533|7291|1367437|8362|448096|4830
03000C1US9|8778311|14431|5354822|16011|3804524|20479|1550298|9985|498923|7247|1051375|7203|3423489|13192|2538380|11622|885109|8028
03000C2US1|3985824|8086|2623585|7912|2012478|10225|611107|7245|181015|4009|430092|6028|1362239|8745|1078465|9729|283774|4642
03000C2US2|9762685|15485|6565855|14047|5063581|20039|1502274|11071|449576|5921|1052698|8319|3196830|10617|2631729|11747|565101|5673
03000C2US3|10150730|18219|6735508|14987|5219170|23276|1516338|13859|472426|7126|1043912|9212|3415222|13082|2818790|14667|596432|6851
03000C2US4|3529040|7659|2406744|6995|1917349|8841|489395|5338|157538|3403|331857|4476|1122296|7156|915901|7391|206395|3051
03000C2US5|15981566|32636|10980426|32186|8179425|41111|2801001|15176|794427|9940|2006574|11647|5001140|16657|4080459|16597|920681|9592
03000C2US6|3239352|9316|2257634|9109|1727877|9986|529757|5133|148586|3508|381171|4043|981718|8047|835332|7821|146386|3184
03000C2US7|6569457|14086|4809264|15095|3646084|17023|1163180|9182|341752|6438|821428|7882|1760193|10992|1457708|9259|302485|5879
03000C2US8|3915357|9429|2754029|8456|2162874|11095|591155|5827|202293|3752|388862|4722|1161328|7341|899767|7499|261561|3883
03000C2US9|9205986|16467|6648425|16368|4912651|21894|1735774|11529|574616|7211|1161158|7932|2557561|12804|1962216|11070|595345|6667
03000E0US1|481540|2008|300536|2542|234341|2301|66195|1964|22485|1143|43710|1830|181004|2221|143268|2250|37736|1520
03000E0US2|973966|2790|610327|2760|458488|2964|151839|2191|51051|1374|100788|2031|363639|2696|299443|2641|64196|1771
03000E0US3|2230451|6332|1413794|5168|1082404|6338|331390|4753|114563|3055|216827|3181|816657|5421|675286|5620|141371|2770
03000E0US4|1244122|5173|775921|4462|599458|4628|176463|3012|59857|1939|116606|2254|468201|4400|386550|4324|81651|2234
03000E0US5|1720712|5143|1119234|5735|791282|6780|327952|4440|87154|2623|240798|3888|601478|5011|506616|4734|94862|2577
03000E0US6|1384310|4366|902376|5073|639344|5495|263032|4054|70567|2244|192465|3482|481934|4606|410563|4516|71371|2501
03000E0US7|1281843|4343|843933|4708|601224|4495|242709|3894|67846|2196|174863|2984|437910|4600|372309|4399|65601|2041
03000E0US8|968151|3475|628980|4144|480472|4400|148508|2881|51380|1964|97128|2395|339171|3852|273929|3803|65242|2000
03000E0US9|846814|3067|529571|3969|393893|3975|135678|2884|44392|1717|91286|2264|317243|3666|248242|3624|69001|2062
03000E1US1|113755|1394|60897|1210|42453|1219|18444|1000|5877|652|12567|877|52858|1526|41879|1408|10979|941
03000E1US2|184279|1687|94104|1237|58545|1359|35559|1149|10616|760|24943|1010|90175|1802|73157|1816|17018|1033
03000E1US3|727326|4093|390218|3073|261776|3482|128442|2930|40414|1836|88028|2128|337108|3633|276187|3771|60921|1846
03000E1US4|642111|4426|362114|3562|258354|3607|103760|2192|31836|1389|71924|1791|279997|3777|229275|3608|50722|1806
03000E1US5|430324|2902|247464|2498|147268|2483|100196|2378|21363|1234|78833|2228|182860|3141|152974|2787|29886|1504
03000E1US6|433332|2890|247678|2632|150340|2600|97338|2442|22090|1397|75248|2192|185654|3127|154417|2952|31237|1656
03000E1US7|564047|3626|338685|2587|217480|3055|121205|2308|29733|1378|91472|1804|225362|3326|187386|3529|37976|1657
03000E1US8|397660|2769|238631|2642|173339|2708|65292|1813|22138|1332|43154|1847|159029|2869|126329|2595|32700|1588
03000E1US9|262634|2323|147644|1896|100142|1983|47502|1870|12907|997|34595|1791|114990|2451|87343|2215|27647|1532
03000E2US1|367785|2032|239639|2192|191888|1992|47751|1594|16608|948|31143|1505|128146|2138|101389|2164|26757|1209
03000E2US2|789687|2475|516223|2505|399943|2564|116280|1911|40435|1258|75845|1652|273464|2613|226286|2416|47178|1486
03000E2US3|1503125|4386|1023576|3985|820628|4211|202948|3267|74149|2095|128799|2384|479549|4401|399099|4179|80450|1931
03000E2US4|602011|2532|413807|2348|341104|2214|72703|1803|28021|1256|44682|1237|188204|2616|157275|2457|30929|1173
03000E2US5|1290388|4495|871770|4871|644014|5996|227756|3571|65791|2122|161965|2946|418618|4440|353642|4355|64976|2148
03000E2US6|950978|3641|654698|3764|489004|4013|165694|2974|48477|1633|117217|2603|296280|4123|256146|3909|40134|1575
03000E2US7|717796|2848|505248|3511|383744|3185|121504|2810|38113|1672|83391|2215|212548|3890|184923|3583|27625|1282
03000E2US8|570491|3026|390349|2852|307133|3117|83216|1924|29242|1262|53974|1451|180142|3047|147600|3017|32542|1165
03000E2US9|584180|2325|381927|2963|293751|3103|88176|1983|31485|1315|56691|1424|202253|2693|160899|2632|41354|1550
03000G0US1|281370|1892|169642|1826|135173|2010|34469|1098|11512|600|22957|924|111728|1764|88324|1841|23404|973
03000G0US2|307755|1658|194674|1740|152155|1812|42519|1101|15423|657|27096|892|113081|1655|94034|1613|19047|826
03000G0US3|1211466|5079|778719|3591|612056|3903|166663|2770|60896|1380|105767|2021|432747|3906|366692|3770|66055|1564
03000G0US4|1309920|6936|835492|3847|669731|3985|165761|2221|59454|1300|106307|1927|474428|5236|408005|5007|66423|1295
03000G0US5|1346533|5149|871947|4641|627173|4960|244774|3073|67148|1942|177626|2482|474586|4730|413419|4846|61167|1805
03000G0US6|909252|4399|600120|4558|429644|4032|170476|2865|46776|1729|123700|2137|309132|4089|272808|3986|36324|1463
03000G0US7|1056967|4363|705206|4045|519046|3881|186160|2835|55461|1670|130699|2246|351761|3755|309559|3499|42202|1486
03000G0US8|504056|2467|319874|2716|253311|2398|66563|1894|21833|1036|44730|1472|184182|2444|156463|2474|27719|1381
03000G0US9|263208|1859|168283|2185|129190|2018|39093|1256|13222|713|25871|1094|94925|2053|77968|1881|16957|934
03000H0US1|762910|3031|470178|3332|369514|3274|100664|2107|33997|1310|66667|1944|292732|2743|231592|2785|61140|1796
03000H0US2|1281721|3647|805001|3693|610643|3896|194358|2449|66474|1560|127884|2183|476720|3519|393477|3497|83243|2074
03000H0US3|3441917|10531|2192513|7047|1694460|8659|498053|5355|175459|3401|322594|3414|1249404|7353|1041978|7860|207426|3354
03000H0US4|2554042|11402|1611413|6830|1269189|7353|342224|4313|119311|2614|222913|3241|942629|7739|794555|7780|148074|2474
03000H0US5|3067245|8908|1991181|8111|1418455|9235|572726|5255|154302|3496|418424|3903|1076064|6557|920035|6897|156029|3095
03000H0US6|2293562|7604|1502496|7521|1068988|7738|433508|5187|117343|2974|316165|4161|791066|6015|683371|6093|107695|2922
03000H0US7|2338810|6853|1549139|6252|1120270|6065|428869|4771|123307|2722|305562|3656|789671|5948|681868|5863|107803|2640
03000H0US8|1472207|4525|948854|5090|733783|5341|215071|3391|73213|2278|141858|2785|523353|4543|430392|4553|92961|2569
03000H0US9|1110022|3692|697854|4710|523083|4589|174771|3219|57614|1883|117157|2515|412168|4042|326210|3917|85958|2129
030C201US1|4867207|9300|2956638|9841|2127985|12585|828653|8689|232954|4901|595699|7462|1910569|9517|1489603|9551|420966|5940
030C201US2|14099013|21201|8730141|22608|6094655|27499|2635486|14731|708998|8162|1926488|11439|5368872|15569|4362607|15088|1006265|8958
030C201US3|14838579|24859|8811850|23532|6225829|32581|2586021|15806|727732|8783|1858289|11292|6026729|15970|4915173|17489|1111556|9593
030C201US4|6155716|16583|3625235|13108|2686732|17753|938503|8971|279356|5201|659147|6596|2530481|9142|2024126|10271|506355|5662
030C201US5|20939156|39658|13175703|41850|9343086|49076|3832617|17725|1017364|11460|2815253|14311|7763453|19061|6256666|19306|1506787|11670
030C201US6|4705462|12258|2844573|12097|1922609|13053|921964|7245|223441|4121|698523|6195|1860889|10793|1540795|10144|320094|5628
030C201US7|12239757|20765|7941399|23370|5530549|27888|2410850|14049|659810|7701|1751040|12155|4298358|16310|3499065|16250|799293|9519
030C201US8|8272583|14375|5221845|15602|3860572|18819|1361273|9867|449544|6082|911729|7627|3050738|10708|2325415|11026|725323|6368
030C201US9|17336513|26481|11453314|30565|8238652|38997|3214662|16048|1039272|9964|2175390|10821|5883199|16370|4425796|14633|1457403|9647
030C243US1|1219809|5393|854612|5136|710043|5037|144569|2774|51337|1668|93232|2207|365197|3851|282722|3706|82475|2313
030C243US2|2406187|7660|1676639|6173|1368831|6078|307808|3833|113467|2232|194341|2962|729548|5757|593122|5655|136426|2869
030C243US3|4332919|9739|3071538|6865|2539588|8283|531950|5361|205878|3544|326072|3321|1261381|7466|1046334|7338|215047|2725
030C243US4|2644687|8299|1839432|5991|1537897|5690|301535|3158|116263|1895|185272|2378|805255|6904|679095|6377|126160|2105
030C243US5|5472198|16092|3872486|14454|2996587|15764|875899|7544|264839|4394|611060|5271|1599712|9832|1353889|9453|245823|4169
030C243US6|3075962|11320|2162398|8088|1661751|9285|500647|4941|149352|3070|351295|4269|913564|7754|793229|7613|120335|3054
030C243US7|3326215|10912|2416687|9200|1898519|8170|518168|5116|170218|3386|347950|4606|909528|7521|780008|6839|129520|3405
030C243US8|1537727|6216|1088251|5913|891897|5970|196354|2979|71113|2094|125241|2162|449476|4505|372181|4282|77295|2449
030C243US9|1757806|7993|1247787|6326|1001606|6708|246181|4640|91881|2640|154300|3185|510019|5577|401010|5135|109009|2508
0400000US01|1997247|6490|1287290|6491|920332|6433|366958|4634|87023|2714|279935|3964|709957|6220|615375|6593|94582|3102
0400000US02|270533|1456|172968|2097|130414|2046|42554|1483|15511|810|27043|1223|97565|1818|76856|1813|20709|1088
0400000US04|2856081|6374|1835692|7425|1334773|7758|500919|5146|160874|3567|340045|4057|1020389|7300|786211|6903|234178|3845
0400000US05|1205987|4874|779074|5971|566646|5148|212428|3180|57955|2185|154473|2746|426913|4665|360000|4350|66913|2449
0400000US06|13548091|17724|9191176|23875|6557184|29569|2633992|12530|857732|7926|1776260|9111|4356915|13969|3289307|13117|1067608|7741
0400000US08|2374218|4232|1465097|5941|1147437|7003|317660|4557|106780|2666|210880|3558|909121|5964|679604|6048|229517|3918
0400000US09|1434007|3233|921388|5277|668528|6278|252860|4227|71139|2449|181721|3526|512619|4874|416723|5021|95896|2508
0400000US10|402038|1657|261870|2757|189962|2778|71908|2391|18730|1167|53178|2104|140168|2694|114643|2463|25525|1419
0400000US11|324491|1816|132514|2798|80186|2295|52328|1586|9951|974|42377|1483|191977|3036|153560|2868|38417|1492
0400000US12|8752810|20285|5652059|20377|4086171|23273|1565888|9720|454845|8015|1111043|8639|3100751|12916|2473731|13206|627020|6968
0400000US13|4074366|9635|2698119|12006|1893490|13438|804629|7906|198034|3968|606595|7216|1376247|9411|1127648|8519|248599|4667
0400000US15|492453|2224|335019|2849|244742|2796|90277|2278|28623|1368|61654|1729|157434|2546|123187|2223|34247|1385
0400000US16|713005|2422|488374|3908|392938|3835|95436|2309|33551|1550|61885|1549|224631|3573|173906|3618|50725|1982
0400000US17|5036449|8009|3130978|10019|2282435|11482|848543|7864|248521|4100|600022|7240|1905471|9376|1569881|9118|335590|4391
0400000US18|2716009|6039|1729978|7070|1284219|7938|445759|5614|137811|3451|307948|4347|986031|6640|803751|6476|182280|3445
0400000US19|1315707|3984|809836|3927|635347|4363|174489|3008|56457|1667|118032|2464|505871|3997|406436|4217|99435|2222
0400000US20|1174060|4246|744502|3800|576382|4254|168120|3252|52856|1964|115264|2400|429558|3863|352785|4176|76773|2245
0400000US21|1814469|5224|1159005|5558|844820|6304|314185|4565|95673|2418|218512|3636|655464|5306|540419|5376|115045|2905
0400000US22|1804780|5143|1130826|6519|754231|6939|376595|4747|96444|2713|280151|3913|673954|6184|571003|5824|102951|2612
0400000US23|597159|2532|362538|3245|286766|3484|75772|2021|24355|1258|51417|1565|234621|3249|183618|3051|51003|1744
0400000US24|2362928|3782|1535706|6459|1090871|7395|444835|5229|120206|3176|324629|3869|827222|5196|677124|5200|150098|3228
0400000US25|2785042|5182|1737385|6913|1277065|7760|460320|6499|130288|3401|330032|5911|1047657|7316|800741|6514|246916|4479
0400000US26|4076369|8399|2545621|8637|1878767|9941|666854|6302|199150|3952|467704|4705|1530748|6454|1250418|6943|280330|4489
0400000US27|2307955|6063|1438404|4811|1129003|6359|309401|4495|102922|2278|206479|3541|869551|4976|686475|5619|183076|2768
0400000US28|1145431|4267|747604|5353|498140|5234|249464|3620|54654|1940|194810|2994|397827|4991|346124|4146|51703|2151
0400000US29|2508227|6821|1558009|7298|1166368|7904|391641|5131|115975|2713|275666|4373|950218|6478|781034|6553|169184|2810
0400000US30|458859|3762|276731|3661|222207|3661|54524|1558|19995|1053|34529|1155|182128|2761|144042|2725|38086|1387
0400000US31|797847|2728|500016|3298|389247|3256|110769|2298|35772|1439|74997|2084|297831|3073|244781|2821|53050|1653
0400000US32|1202593|3427|767020|4442|528863|5208|238157|3719|81284|2257|156873|3409|435573|3901|336506|4039|99067|2823
0400000US33|555822|2236|358314|2897|286197|2811|72117|1855|24853|1282|47264|1493|197508|2534|152350|2629|45158|1625
0400000US34|3507701|5116|2377513|7284|1746187|8557|631326|6322|178050|3564|453276|5117|1130188|6016|927585|6199|202603|3175
0400000US35|837414|2650|509898|4335|342845|4018|167053|3518|53553|2116|113500|2806|327516|3422|271261|3297|56255|1982
0400000US36|7722646|12717|4738075|13456|3279487|15988|1458588|9559|398169|5898|1060419|8193|2984571|12394|2398170|12430|586401|7149
0400000US37|4282345|9120|2753022|10113|2021951|10725|731071|6702|195051|3895|536020|5571|1529323|8811|1258822|8388|270501|4580
0400000US38|331063|1699|189842|2296|151685|2348|38157|1573|13926|1052|24231|1271|141221|2574|114955|2587|26266|1234
0400000US39|4863191|8557|2976515|9080|2158670|12158|817845|7593|235478|4218|582367|5316|1886676|8612|1556005|8792|330671|4197
0400000US40|1562389|2824|1004739|4301|731372|4229|273367|3224|84154|1792|189213|2531|557650|4442|462709|4242|94941|2285
0400000US41|1718422|4082|1059526|5190|801915|6105|257611|4082|83568|2594|174043|3258|658896|4669|488792|4618|170104|2940
0400000US42|5274853|8848|3291192|10697|2437812|12037|853380|8182|246246|3834|607134|6643|1983661|8951|1629974|8748|353687|4951
0400000US44|441570|1908|270523|2727|192500|2922|78023|2597|22677|1317|55346|2244|171047|2748|134164|2424|36883|1550
0400000US45|2117989|5782|1377369|7257|998170|8118|379199|5493|95077|3223|284122|4164|740620|6537|618603|6770|122017|3189
0400000US46|365544|1728|224058|1901|176597|2075|47461|1357|17711|881|29750|1060|141486|1985|116755|1923|24731|1093
0400000US47|2824277|6378|1813072|7884|1321068|8623|492004|6091|135443|3515|356561|4936|1011205|7265|832106|6903|179099|3650
0400000US48|10992816|15813|7443447|19621|5376819|24036|2066628|14868|591475|7801|1475153|12051|3549369|13917|2885361|14120|664008|8934
0400000US49|1124822|2819|816862|3686|663045|4333|153817|2782|53699|1671|100118|2526|307960|3244|229564|3176|78396|2355
0400000US50|273416|1473|161102|1749|126972|1690|34130|1193|10979|693|23151|1011|112314|1787|84729|1775|27585|1020
0400000US51|3365732|7402|2181475|9035|1638116|10855|543359|6376|154457|3417|388902|4933|1184257|6750|958467|6997|225790|3741
0400000US53|3064820|5874|1942412|8112|1506003|8912|436409|6422|145719|3785|290690|4760|1122408|7569|848664|6763|273744|3659
0400000US54|728655|3249|456055|3254|340756|3617|115299|2464|35852|1515|79447|2011|272600|3330|227957|3225|44643|1622
0400000US55|2479480|5787|1500296|5622|1161326|6077|338970|4077|112650|2599|226320|2821|979184|5282|781452|5545|197732|2870
0400000US56|243318|1490|150422|1715|120361|1670|30061|1250|10921|891|19140|1094|92896|1883|76502|1997|16394|966
0400000US72|1290866|4630|817726|5037|446468|4300|371258|4078|85969|2124|285289|4122|473140|4478|405721|3957|67419|2089
04000A0US01|1839199|5702|1185158|6035|846708|6026|338450|4499|80887|2626|257563|3923|654041|5960|563744|6217|90297|3086
04000A0US02|203724|1408|130094|1756|99820|1833|30274|1330|11002|735|19272|1067|73630|1646|57638|1633|15992|963
04000A0US04|2822431|6502|1813715|7440|1321493|7817|492222|5253|158747|3616|333475|4073|1008716|7180|775996|6898|232720|3845
04000A0US05|976090|3958|631340|5173|459640|4609|171700|3077|46565|2046|125135|2707|344750|4073|287268|3991|57482|2273
04000A0US06|13445785|17433|9124860|23723|6505553|29496|2619307|12379|852822|7948|1766485|9049|4320925|13912|3259165|12947|1061760|7709
04000A0US08|2251637|3868|1390702|5862|1087052|7013|303650|4484|102759|2605|200891|3678|860935|5680|640329|5868|220606|3873
04000A0US09|1434007|3233|921388|5277|668528|6278|252860|4227|71139|2449|181721|3526|512619|4874|416723|5021|95896|2508
04000A0US10|402038|1657|261870|2757|189962|2778|71908|2391|18730|1167|53178|2104|140168|2694|114643|2463|25525|1419
04000A0US11|324491|1816|132514|2798|80186|2295|52328|1586|9951|974|42377|1483|191977|3036|153560|2868|38417|1492
04000A0US12|8644405|20018|5580560|20141|4035816|23173|1544744|9975|448603|8065|1096141|8793|3063845|12751|2442096|13095|621749|6809
04000A0US13|3794814|8646|2511027|11294|1759957|12898|751070|7817|185144|3729|565926|7125|1283787|8951|1046421|8202|237366|4645
04000A0US15|492453|2224|335019|2849|244742|2796|90277|2278|28623|1368|61654|1729|157434|2546|123187|2223|34247|1385
04000A0US16|656893|2281|451515|3673|362462|3615|89053|2231|31261|1498|57792|1535|205378|3424|157246|3536|48132|1888
04000A0US17|4783673|7337|2971420|9669|2159599|11207|811821|7725|235842|3944|575979|7153|1812253|9383|1488842|9102|323411|4256
04000A0US18|2534954|5638|1609540|6743|1191632|7637|417908|5491|126758|3472|291150|4313|925414|6427|753345|6318|172069|3307
04000A0US19|1005090|2996|613276|3452|474055|3989|139221|2649|44226|1391|94995|2228|391814|3545|309317|3654|82497|2193
04000A0US20|1000964|3413|635544|3581|489618|4016|145926|3049|45181|1831|100745|2327|365420|3644|296395|3911|69025|2242
04000A0US21|1501615|4440|951183|4693|690270|5673|260913|4033|77534|2103|183379|3371|550432|4441|450127|4724|100305|2844
04000A0US22|1688073|4764|1055452|6422|703635|6969|351817|4460|90703|2504|261114|3797|632621|6032|533981|5741|98640|2604
04000A0US23|406513|1758|248301|2582|195590|2669|52711|1750|16741|1135|35970|1347|158212|2520|123083|2274|35129|1520
04000A0US24|2329362|3695|1514100|6486|1074940|7346|439160|5198|118793|3220|320367|3775|815262|5229|666755|5222|148507|3231
04000A0US25|2785042|5182|1737385|6913|1277065|7760|460320|6499|130288|3401|330032|5911|1047657|7316|800741|6514|246916|4479
04000A0US26|3767541|7207|2349465|7929|1724427|9312|625038|6174|183794|3889|441244|4732|1418076|6160|1155466|6585|262610|4484
04000A0US27|2104039|4736|1308433|4640|1025045|5985|283388|4456|92668|2211|190720|3561|795606|4513|624122|5072|171484|2744
04000A0US28|927989|3639|602733|4612|402417|4546|200316|3400|43547|1765|156769|2775|325256|4456|280844|3683|44412|1994
04000A0US29|2182059|5465|1344752|6565|999132|6968|345620|4736|99690|2458|245930|4245|837307|5626|684508|5788|152799|2747
04000A0US30|318715|3843|188921|3287|151521|3289|37400|1278|14127|943|23273|1034|129794|2395|98990|2400|30804|1237
04000A0US31|661243|2189|413536|2962|317165|2987|96371|2303|30662|1454|65709|2066|247707|2818|201135|2583|46572|1581
04000A0US32|1191319|3364|759998|4416|523461|5168|236537|3698|80546|2250|155991|3367|431321|3965|332861|4073|98460|2820
04000A0US33|519973|2058|336741|2762|268496|2769|68245|1837|23442|1290|44803|1505|183232|2577|140585|2542|42647|1592
04000A0US34|3507701|5116|2377513|7284|1746187|8557|631326|6322|178050|3564|453276|5117|1130188|6016|927585|6199|202603|3175
04000A0US35|801144|2582|488941|4249|328613|3935|160328|3471|51132|2074|109196|2845|312203|3388|257946|3252|54257|1961
04000A0US36|7564482|12212|4640577|13223|3204144|15681|1436433|9441|389954|5969|1046479|8072|2923905|12273|2348581|12345|575324|7048
04000A0US37|3993608|8485|2565155|9774|1884707|10467|680448|6556|181404|3709|499044|5553|1428453|8901|1171084|8216|257369|4356
04000A0US38|249916|1467|140752|2077|111762|1971|28990|1666|10562|1111|18428|1282|109164|2385|86851|2305|22313|1177
04000A0US39|4677125|8197|2851802|8700|2060855|11680|790947|7331|226433|3999|564514|5255|1825323|8229|1503895|8373|321428|4202
04000A0US40|1353452|2587|865904|4421|628906|4295|236998|3003|72265|1740|164733|2374|487548|4343|401977|4044|85571|2257
04000A0US41|1690664|4072|1042763|5046|788374|6052|254389|4076|82557|2573|171832|3246|647901|4499|479706|4456|168195|2928
04000A0US42|5125262|8590|3194016|10372|2361000|11517|833016|8090|239038|3896|593978|6504|1931246|8704|1585529|8475|345717|4908
04000A0US44|441570|1908|270523|2727|192500|2922|78023|2597|22677|1317|55346|2244|171047|2748|134164|2424|36883|1550
04000A0US45|1992832|5459|1301017|7025|951607|7739|349410|5300|88311|3077|261099|4118|691815|6469|574622|6511|117193|3110
04000A0US46|287172|1301|172882|1763|138121|1850|34761|1326|13176|865|21585|984|114290|1785|92888|1627|21402|1124
04000A0US47|2603369|5802|1667777|7377|1215321|7999|452456|5840|124049|3410|328407|4731|935592|6862|766501|6573|169091|3771
04000A0US48|10491390|14474|7100184|18601|5117841|23144|1982343|14575|565034|7803|1417309|11942|3391206|14059|2746288|13990|644918|8759
04000A0US49|1074619|2778|779903|3657|632489|4329|147414|2824|51497|1650|95917|2555|294716|3207|218434|3180|76282|2309
04000A0US50|218541|1254|127270|1494|100676|1507|26594|1036|8492|681|18102|867|91271|1626|68705|1679|22566|997
04000A0US51|3029305|6381|1965912|8434|1480083|10127|485829|5881|137296|3234|348533|4547|1063393|6027|854366|6213|209027|3495
04000A0US53|2998485|5714|1900082|7970|1472579|8744|427503|6312|142927|3703|284576|4730|1098403|7539|829142|6778|269261|3695
04000A0US54|553966|2534|344087|2966|255242|3146|88845|2274|26823|1337|62022|2032|209879|2884|173589|2791|36290|1548
04000A0US55|2196739|4718|1322442|5094|1016848|5679|305594|3897|99887|2455|205707|2835|874297|4988|693267|5185|181030|2835
04000A0US56|189496|1226|116527|1522|92067|1461|24460|1115|8755|783|15705|1028|72969|1696|59331|1623|13638|869
04000A0US72|1265313|4603|800893|5047|437149|4342|363744|4021|84131|2023|279613|4052|464420|4454|398386|3936|66034|2022
04000C0US01|1560621|4893|999395|5720|715995|5559|283400|3998|66025|2352|217375|3544|561226|5624|482288|5939|78938|2794
04000C0US02|184825|1408|119096|1697|91290|1761|27806|1330|10310|766|17496|1071|65729|1653|51557|1651|14172|954
04000C0US04|2729011|6333|1750224|7379|1277616|7610|472608|5194|152909|3571|319699|4019|978787|6968|750897|6824|227890|3796
04000C0US05|738929|3116|477281|4358|349271|4066|128010|2704|34503|1776|93507|2249|261648|3772|214834|3635|46814|2137
04000C0US06|13211494|16999|8984141|23110|6403273|29070|2580868|12479|840480|8006|1740388|9141|4227353|13388|3185503|12734|1041850|7486
04000C0US08|2073566|3510|1280907|5090|999448|6225|281459|4345|94703|2396|186756|3660|792659|5019|587736|5469|204923|3777
04000C0US09|1346750|3187|864291|4997|625236|5944|239055|3999|66563|2356|172492|3352|482459|4613|392904|5013|89555|2341
04000C0US10|295597|1078|189841|2064|133458|2122|56383|2232|14722|1038|41661|1930|105756|2084|86120|1985|19636|1137
04000C0US11|324491|1816|132514|2798|80186|2295|52328|1586|9951|974|42377|1483|191977|3036|153560|2868|38417|1492
04000C0US12|8504643|19576|5489528|20084|3970339|22995|1519189|9881|440292|7898|1078897|8877|3015115|12809|2404366|13077|610749|6931
04000C0US13|3392637|7573|2243246|10187|1577070|11533|666176|7533|163223|3657|502953|6958|1149391|8268|933466|7729|215925|4388
04000C0US15|394749|1807|270533|2117|198702|2264|71831|1967|22601|1216|49230|1420|124216|2187|98168|1916|26048|1199
04000C0US16|529638|1928|363998|3136|290136|3078|73862|2151|26239|1400|47623|1356|165640|3167|126733|3145|38907|1566
04000C0US17|4362034|6638|2716307|9171|1971046|10640|745261|7166|214634|3881|530627|6753|1645727|9173|1348453|8679|297274|4279
04000C0US18|2127458|4852|1341382|6001|986696|6829|354686|5099|104470|3105|250216|4196|786076|5856|636970|5658|149106|3403
04000C0US19|804308|2261|489108|3096|377581|3521|111527|2305|34711|1198|76816|2075|315200|3235|246159|3198|69041|1877
04000C0US20|823369|2810|524430|3081|406511|3459|117919|2687|36376|1659|81543|2019|298939|3015|241655|3377|57284|2017
04000C0US21|1132041|3419|709063|3915|514147|4695|194916|3676|57746|2014|137170|2717|422978|3752|344299|4088|78679|2434
04000C0US22|1525041|4371|952786|5780|637812|6281|314974|4195|80769|2433|234205|3663|572255|5524|482767|5392|89488|2521
04000C0US23|352201|1558|215192|2377|171510|2464|43682|1583|13725|1056|29957|1215|137009|2307|105951|2200|31058|1471
04000C0US24|2247865|3543|1464375|6439|1038361|7123|426014|5107|115332|3232|310682|3754|783490|5348|640089|5187|143401|3143
04000C0US25|2740636|5163|1710281|6860|1256253|7717|454028|6508|128258|3393|325770|5891|1030355|7259|787078|6388|243277|4482
04000C0US26|3383612|5781|2104717|7225|1534780|8591|569937|6163|163677|3691|406260|4772|1278895|5916|1045111|6180|233784|4280
04000C0US27|1787667|3689|1107661|4297|865772|5447|241889|4343|78050|2238|163839|3450|680006|4184|528304|4606|151702|2549
04000C0US28|568008|2363|375472|3721|253785|3735|121687|2556|27126|1429|94561|2203|192536|3642|166201|3116|26335|1429
04000C0US29|1920119|4756|1178928|6221|875425|6616|303503|4352|86458|2480|217045|3843|741191|5191|605688|5320|135503|2432
04000C0US30|259063|3703|152428|3225|122092|3144|30336|1243|11608|854|18728|952|106635|2254|79902|2143|26733|1224
04000C0US31|519356|1548|323589|2535|247903|2532|75686|1993|24038|1319|51648|1721|195767|2593|157704|2342|38063|1500
04000C0US32|1111143|3069|706784|4000|481572|4951|225212|3582|75931|2159|149281|3272|404359|3734|310855|3725|93504|2834
04000C0US33|348390|1564|226504|2282|179763|2075|46741|1625|15525|1101|31216|1445|121886|2147|92940|2097|28946|1375
04000C0US34|3507701|5116|2377513|7284|1746187|8557|631326|6322|178050|3564|453276|5117|1130188|6016|927585|6199|202603|3175
04000C0US35|573413|1883|344947|3204|233288|3118|111659|2704|35038|1582|76621|2349|228466|2997|186768|2909|41698|1718
04000C0US36|7152032|11636|4391153|12861|3021616|15065|1369537|9439|367999|5866|1001538|8057|2760879|12413|2216768|12074|544111|6921
04000C0US37|3379386|7387|2166090|8467|1603815|9535|562275|6086|150703|3248|411572|5211|1213296|7833|989021|7599|224275|4421
04000C0US38|202961|1228|112483|1976|89669|1726|22814|1397|7660|894|15154|1177|90478|2124|71218|2158|19260|1068
04000C0US39|4014270|6786|2428130|8035|1737835|10089|690295|6381|191718|3585|498577|5066|1586140|7696|1302875|7692|283265|4116
04000C0US40|1063943|2067|682937|3942|497234|3713|185703|2728|56837|1605|128866|2151|381006|3916|313073|3776|67933|2154
04000C0US41|1452075|3626|893831|4630|678539|5155|215292|3814|69940|2435|145352|3037|558244|4319|407836|4072|150408|2879
04000C0US42|4563746|7512|2833113|10085|2085040|10947|748073|7897|209942|3913|538131|6258|1730633|8821|1417899|8448|312734|4639
04000C0US44|441570|1908|270523|2727|192500|2922|78023|2597|22677|1317|55346|2244|171047|2748|134164|2424|36883|1550
04000C0US45|1823077|4947|1190525|6620|874820|7234|315705|5178|79955|2846|235750|3935|632552|6114|522329|6186|110223|2986
04000C0US46|188581|994|117055|1598|92579|1619|24476|1210|9015|740|15461|998|71526|1650|57938|1609|13588|948
04000C0US47|2227192|5421|1420545|7007|1031445|7036|389100|5449|104553|3178|284547|4549|806647|6676|657865|6046|148782|3758
04000C0US48|9899249|13386|6695943|17996|4824481|22452|1871462|14198|534612|7751|1336850|11643|3203306|14078|2586531|13790|616775|8512
04000C0US49|985104|2647|714441|3525|577537|4291|136904|2732|47559|1683|89345|2434|270663|3201|199175|3194|71488|2155
04000C0US50|94559|692|54281|1121|43252|1165|11029|727|3546|469|7483|590|40278|1147|27696|1027|12582|864
04000C0US51|2927319|6082|1903036|8177|1437358|9914|465678|5683|132118|3086|333560|4486|1024283|5962|820265|6181|204018|3492
04000C0US53|2741154|4994|1735646|7495|1345371|8210|390275|5769|130208|3550|260067|4251|1005508|7100|757532|6488|247976|3429
04000C0US54|449094|2255|277853|2610|205811|2764|72042|2042|21605|1258|50437|1830|171241|2513|141304|2442|29937|1489
04000C0US55|1842207|3975|1100339|4569|840600|5104|259739|3569|83652|2339|176087|2731|741868|4452|586120|4533|155748|2520
04000C0US56|77165|669|47513|1022|36997|1088|10516|765|3457|515|7059|664|29652|1207|25138|1114|4514|629
04000C0US72|1211147|4344|765575|4885|417467|4194|348108|3825|79807|2024|268301|3827|445572|4388|382322|4036|63250|1936
04000C1US01|581310|3376|321997|2914|202039|3076|119958|2520|23613|1381|96345|2416|259313|3974|219751|3823|39562|1788
04000C1US02|125294|1128|78335|1454|58332|1446|20003|1125|6809|682|13194|976|46959|1471|36578|1504|10381|783
04000C1US04|1638074|4794|1000921|5621|697753|6025|303168|4999|98735|3007|204433|3855|637153|4947|477461|5272|159692|3288
04000C1US05|353537|2464|205082|2716|140360|2625|64722|2105|15966|1288|48756|1766|148455|3114|120392|2896|28063|1801
04000C1US06|6532077|11006|4125454|12515|2898797|15589|1226657|8387|395880|6116|830777|6342|2406623|12260|1783726|9980|622897|6456
04000C1US08|1046128|2975|582244|3884|433630|4231|148614|2643|47238|1766|101376|2387|463884|3965|340169|3763|123715|2761
04000C1US09|412654|2465|237472|2712|138598|3034|98874|2824|25263|1585|73611|2507|175182|3101|142870|3155|32312|1487
04000C1US10|47083|1106|22983|838|11744|742|11239|736|2026|358|9213|714|24100|1354|20633|1297|3467|509
04000C1US11|324491|1816|132514|2798|80186|2295|52328|1586|9951|974|42377|1483|191977|3036|153560|2868|38417|1492
04000C1US12|2624429|7988|1516516|7999|1044714|8694|471802|5715|134110|4219|337692|5173|1107913|8560|874379|8758|233534|4718
04000C1US13|875971|3671|463751|4366|290139|4197|173612|3461|35732|1720|137880|3008|412220|4310|329250|4375|82970|2723
04000C1US15|151505|1794|87044|1189|61661|1137|25383|1188|7767|762|17616|922|64461|1946|52090|1806|12371|744
04000C1US16|207442|1643|123562|1840|93453|1966|30109|1407|10024|807|20085|1051|83880|2114|64424|1952|19456|1116
04000C1US17|1732849|4849|919943|5240|604343|5545|315600|4568|84165|2635|231435|4033|812906|6996|653318|6151|159588|3152
04000C1US18|915323|3369|504688|3805|334085|3764|170603|3171|45027|1976|125576|2519|410635|4288|326758|4376|83877|2326
04000C1US19|385775|2058|204099|2422|143671|2596|60428|1724|18285|944|42143|1507|181676|2616|137526|2452|44150|1569
04000C1US20|443473|2542|257299|2146|186112|2432|71187|2170|19831|1155|51356|1892|186174|2343|147747|2456|38427|1656
04000C1US21|495168|2348|278628|2720|184306|2743|94322|2414|26065|1324|68257|2071|216540|3307|173430|3363|43110|1954
04000C1US22|585058|3187|316447|3037|191565|2821|124882|2433|27698|1732|97184|2097|268611|3764|224973|3725|43638|1904
04000C1US23|86134|1105|41964|1027|30493|996|11471|693|3292|475|8179|557|44170|1390|33776|1435|10394|792
04000C1US24|493536|2644|263031|2919|161808|2438|101223|2580|22868|1220|78355|2369|230505|3239|187572|3169|42933|1750
04000C1US25|618676|2400|319236|3135|207401|3228|111835|2809|28210|1483|83625|2451|299440|3630|210910|3187|88530|2446
04000C1US26|1005735|3497|551609|3947|335248|3338|216361|3267|53543|2133|162818|2938|454126|4327|370783|3903|83343|2457
04000C1US27|670175|2539|347305|2887|259683|2975|87622|2562|26206|1298|61416|2004|322870|2616|244188|2802|78682|2018
04000C1US28|131275|1502|72707|1366|37560|1226|35147|1186|6177|695|28970|1153|58568|1886|49198|1783|9370|753
04000C1US29|613979|2943|304602|3032|203139|2746|101463|2433|26648|1449|74815|2120|309377|3344|246711|3227|62666|1904
04000C1US30|152058|1247|78195|1522|59300|1328|18895|1058|6908|716|11987|745|73863|1844|54982|1805|18881|981
04000C1US31|345086|1368|197363|1955|142997|2073|54366|1613|16628|1041|37738|1424|147723|2033|118421|1821|29302|1352
04000C1US32|683171|2932|424087|2915|286339|3669|137748|2714|45766|1597|91982|2672|259084|3142|200225|3137|58859|2221
04000C1US33|86296|1084|48519|1154|33197|1198|15322|962|5019|702|10303|760|37777|1481|28284|1360|9493|852
04000C1US34|378019|2936|228246|2984|127878|2578|100368|2363|26848|1294|73520|2110|149773|3107|118807|3290|30966|1455
04000C1US35|350285|1811|189406|2396|122329|2565|67077|2252|20880|1283|46197|1838|160879|2524|131336|2551|29543|1458
04000C1US36|3915780|7611|2208605|10799|1331751|9792|876854|7749|217758|4406|659096|6701|1707175|10687|1359332|9694|347843|6119
04000C1US37|1499876|4752|847213|5295|576485|5338|270728|3861|66889|2385|203839|3485|652663|6157|520374|5900|132289|3646
04000C1US38|140473|1188|69304|1640|52566|1360|16738|1180|5449|823|11289|913|71169|2065|56148|1977|15021|990
04000C1US39|1173850|4390|588430|4131|325413|3978|263017|3586|63701|1836|199316|3141|585420|4933|470844|5304|114576|2816
04000C1US40|506103|2473|299282|2725|202158|2487|97124|2223|27893|1100|69231|1834|206821|3065|169691|2852|37130|1461
04000C1US41|703964|3170|379326|3224|277168|3310|102158|2244|32190|1606|69968|1889|324638|3801|229952|3716|94686|2349
04000C1US42|1166995|3984|599073|5064|329633|5185|269440|4561|61809|2703|207631|3900|567922|5540|452384|5326|115538|3000
04000C1US44|107552|1395|59324|1277|37937|1371|21387|1306|6651|805|14736|1152|48228|1692|36582|1519|11646|951
04000C1US45|399901|2864|223883|2409|157696|2423|66187|2094|13737|1179|52450|1954|176018|3214|140108|3042|35910|1709
04000C1US46|118360|927|66538|1202|49923|1209|16615|1003|5723|628|10892|834|51822|1335|42024|1299|9798|811
04000C1US47|1040757|4118|573509|4653|363590|4676|209919|4146|51009|2181|158910|3250|467248|4876|372942|4405|94306|2933
04000C1US48|5213007|8962|3178872|10521|2128631|12913|1050241|10070|293412|5715|756829|8039|2034135|11450|1624441|11511|409694|6687
04000C1US49|290783|1802|177355|1946|139315|2014|38040|1409|13085|746|24955|1199|113428|2192|79074|2018|34354|1483
04000C1US50|26970|610|10972|575|8410|511|2562|376|844|245|1718|296|15998|692|9846|636|6152|509
04000C1US51|990095|3144|551308|4362|381976|4955|169332|3002|43063|1959|126269|2442|438787|3685|341444|3787|97343|2486
04000C1US53|1265471|4386|684663|4779|508566|5072|176097|3536|56277|1978|119820|2837|580808|5861|436034|5353|144774|3021
04000C1US54|107161|1243|55383|928|37045|1033|18338|855|5098|581|13240|789|51778|1523|42741|1469|9037|804
04000C1US55|751094|3067|390697|3142|252698|3006|137999|2646|39289|1471|98710|2216|360397|3853|279036|3561|81361|2076
04000C1US56|54805|714|31443|837|23693|912|7750|652|2515|431|5235|533|23362|1047|19766|982|3596|563
04000C1US72|377450|2792|212213|3154|106370|2411|105843|2455|20454|1139|85389|2164|165237|2655|143545|2458|21692|1068
04000C2US01|979311|4221|677398|4118|513956|4231|163442|2887|42412|1883|121030|2446|301913|4628|262537|4651|39376|1947
04000C2US02|59531|783|40761|725|32958|831|7803|601|3501|413|4302|411|18770|835|14979|810|3791|448
04000C2US04|1090937|4690|749303|3579|579863|4335|169440|3110|54174|1958|115266|2795|341634|4521|273436|4278|68198|2211
04000C2US05|385392|2192|272199|2702|208911|2882|63288|2175|18537|1251|44751|1718|113193|2418|94442|2462|18751|1101
04000C2US06|6679417|12737|4858687|13311|3504476|16726|1354211|8824|444600|5524|909611|6496|1820730|11906|1401777|9748|418953|5447
04000C2US08|1027438|2834|698663|3526|565818|4258|132845|3171|47465|1890|85380|2574|328775|3986|247567|4088|81208|2182
04000C2US09|934096|3313|626819|3491|486638|4045|140181|2871|41300|1765|98881|2414|307277|4101|250034|4492|57243|1775
04000C2US10|248514|1341|166858|2026|121714|1930|45144|1998|12696|954|32448|1709|81656|2414|65487|2318|16169|921
04000C2US12|5880214|15706|3973012|15986|2925625|18126|1047387|9478|306182|6841|741205|7348|1907202|11485|1529987|11166|377215|6272
04000C2US13|2516666|6779|1779495|8198|1286931|9424|492564|6563|127491|3223|365073|5963|737171|6956|604216|6655|132955|3414
04000C2US15|243244|1724|183489|1790|137041|1925|46448|1589|14834|844|31614|1201|59755|1788|46078|1434|13677|936
04000C2US16|322196|1676|240436|2391|196683|2292|43753|1615|16215|1144|27538|1310|81760|2336|62309|2344|19451|1231
04000C2US17|2629185|6916|1796364|6499|1366703|7610|429661|5610|130469|3260|299192|4637|832821|8182|695135|7950|137686|2716
04000C2US18|1212135|3918|836694|4590|652611|5299|184083|3928|59443|2306|124640|2957|375441|4533|310212|4486|65229|2587
04000C2US19|418533|2052|285009|1732|233910|1909|51099|1380|16426|842|34673|1375|133524|2512|108633|2515|24891|1165
04000C2US20|379896|2111|267131|2290|220399|2596|46732|1676|16545|1033|30187|1198|112765|2425|93908|2302|18857|1075
04000C2US21|636873|2595|430435|2812|329841|3340|100594|2679|31681|1513|68913|2028|206438|2460|170869|2718|35569|1603
04000C2US22|939983|3727|636339|4496|446247|5177|190092|3691|53071|1970|137021|3359|303644|4085|257794|4250|45850|2000
04000C2US23|266067|1590|173228|2092|141017|2380|32211|1347|10433|887|21778|1190|92839|2410|72175|2156|20664|1085
04000C2US24|1754329|3279|1201344|4984|876553|6178|324791|4679|92464|2985|232327|3347|552985|4346|452517|4106|100468|2649
04000C2US25|2121960|4792|1391045|5417|1048852|6543|342193|5531|100048|3063|242145|4820|730915|5788|576168|5676|154747|3715
04000C2US26|2377877|5431|1553108|5342|1199532|7059|353576|5186|110134|3011|243442|3827|824769|4996|674328|5401|150441|3136
04000C2US27|1117492|2859|760356|3191|606089|3938|154267|3297|51844|1797|102423|2765|357136|3496|284116|3350|73020|1732
04000C2US28|436733|2412|302765|3222|216225|3242|86540|2193|20949|1257|65591|1845|133968|3389|117003|3004|16965|1140
04000C2US29|1306140|3928|874326|4733|672286|5311|202040|3418|59810|1888|142230|3089|431814|4911|358977|4901|72837|2173
04000C2US30|107005|3495|74233|2998|62792|2953|11441|795|4700|494|6741|611|32772|1506|24920|1259|7852|816
04000C2US31|174270|1003|126226|1300|104906|1321|21320|957|7410|676|13910|838|48044|1429|39283|1268|8761|679
04000C2US32|427972|2514|282697|2528|195233|3183|87464|2762|30165|1388|57299|2307|145275|2671|110630|2408|34645|1407
04000C2US33|262094|1498|177985|1694|146566|1862|31419|1281|10506|862|20913|1116|84109|1710|64656|1711|19453|1147
04000C2US34|3129682|5211|2149267|6649|1618309|8068|530958|5515|151202|3180|379756|4488|980415|6200|808778|6237|171637|2754
04000C2US35|223128|2144|155541|2018|110959|2081|44582|1719|14158|1011|30424|1469|67587|1968|55432|1788|12155|965
04000C2US36|3236252|7279|2182548|6456|1689865|9034|492683|6317|150241|3833|342442|4784|1053704|6934|857436|7448|196268|3243
04000C2US37|1879510|6404|1318877|5582|1027330|6478|291547|4593|83814|2759|207733|3965|560633|6116|468647|5585|91986|2471
04000C2US38|62488|810|43179|886|37103|924|6076|619|2211|328|3865|497|19309|1062|15070|1008|4239|501
04000C2US39|2840420|6314|1839700|5485|1412422|7812|427278|5837|128017|3198|299261|4372|1000720|6788|832031|7132|168689|2913
04000C2US40|557840|2088|383655|2414|295076|2619|88579|1769|28944|1111|59635|1466|174185|2759|143382|2588|30803|1393
04000C2US41|748111|3352|514505|3354|401371|3451|113134|2950|37750|1650|75384|2316|233606|3648|177884|3232|55722|1776
04000C2US42|3396751|6845|2234040|7177|1755407|8626|478633|6586|148133|3129|330500|5116|1162711|7176|965515|6715|197196|3613
04000C2US44|334018|2020|211199|2118|154563|2373|56636|2228|16026|1129|40610|1978|122819|2345|97582|2230|25237|1354
04000C2US45|1423176|4914|966642|5561|717124|6121|249518|4506|66218|2593|183300|3554|456534|5880|382221|5883|74313|2305
04000C2US46|70221|924|50517|938|42656|988|7861|599|3292|481|4569|509|19704|1155|15914|1039|3790|490
04000C2US47|1186435|4198|847036|4844|667855|4907|179181|3511|53544|2129|125637|3026|339399|4370|284923|4070|54476|2002
04000C2US48|4686242|10799|3517071|11593|2695850|13021|821221|8577|241200|5635|580021|7045|1169171|9728|962090|8262|207081|4780
04000C2US49|694321|2549|537086|2748|438222|3382|98864|2328|34474|1361|64390|2146|157235|2573|120101|2623|37134|1529
04000C2US50|67589|785|43309|920|34842|1015|8467|663|2702|426|5765|543|24280|1122|17850|991|6430|654
04000C2US51|1937224|4153|1351728|6052|1055382|7011|296346|4804|89055|2699|207291|3445|585496|4865|478821|5017|106675|2342
04000C2US53|1475683|4220|1050983|4602|836805|5058|214178|3941|73931|2714|140247|3126|424700|5158|321498|4535|103202|2552
04000C2US54|341933|2134|222470|2430|168766|2365|53704|1869|16507|1038|37197|1712|119463|2448|98563|2362|20900|1311
04000C2US55|1091113|3396|709642|3153|587902|3460|121740|2710|44363|1604|77377|2217|381471|4105|307084|3686|74387|1930
04000C2US56|22360|564|16070|472|13304|514|2766|404|942|255|1824|344|6290|664|5372|618|918|252
04000C2US72|833697|4487|553362|4167|311097|3313|242265|3210|59353|1728|182912|3116|280335|3691|238777|3136|41558|1734
04000E0US01|278578|1601|185763|1889|130713|2173|55050|1942|14862|914|40188|1760|92815|1830|81456|1759|11359|781
04000E0US02|18899|280|10998|498|8530|480|2468|303|692|167|1776|263|7901|497|6081|509|1820|294
04000E0US04|93420|1012|63491|1087|43877|1125|19614|988|5838|512|13776|787|29929|1088|25099|1070|4830|594
04000E0US05|237161|1895|154059|2063|110369|1879|43690|1536|12062|893|31628|1440|83102|2133|72434|2142|10668|792
04000E0US06|234291|1541|140719|2074|102280|1905|38439|1387|12342|913|26097|1103|93572|2058|73662|1864|19910|1095
04000E0US08|178071|1372|109795|1871|87604|1995|22191|1212|8056|810|14135|907|68276|2001|52593|1744|15683|927
04000E0US09|87257|754|57097|1194|43292|1165|13805|1040|4576|509|9229|890|30160|1054|23819|961|6341|727
04000E0US10|106441|1143|72029|1405|56504|1396|15525|891|4008|523|11517|753|34412|1362|28523|1282|5889|511
04000E0US12|139762|1404|91032|1640|65477|1639|25555|1161|8311|688|17244|980|48730|1853|37730|1820|11000|1078
04000E0US13|402177|2008|267781|2586|182887|2847|84894|2028|21921|1158|62973|1732|134396|2464|112955|2497|21441|1270
04000E0US15|97704|1029|64486|1407|46040|1353|18446|899|6022|544|12424|815|33218|1230|25019|1038|8199|686
04000E0US16|127255|1093|87517|1636|72326|1662|15191|982|5022|418|10169|863|39738|1651|30513|1320|9225|999
04000E0US17|421639|1824|255113|2017|188553|1916|66560|1814|21208|1083|45352|1496|166526|2132|140389|2151|26137|1038
04000E0US18|407496|1610|268158|2232|204936|2401|63222|1694|22288|1226|40934|1272|139338|2285|116375|2505|22963|1168
04000E0US19|200782|1288|124168|1318|96474|1508|27694|1105|9515|593|18179|828|76614|1738|63158|1864|13456|940
04000E0US20|177595|1143|111114|1513|83107|1542|28007|1158|8805|726|19202|1013|66481|1624|54740|1570|11741|755
04000E0US21|369574|1881|242120|2398|176123|2173|65997|1812|19788|986|46209|1549|127454|2070|105828|1968|21626|1413
04000E0US22|163032|1349|102666|1744|65823|1521|36843|1354|9934|884|26909|1058|60366|2000|51214|1840|9152|829
04000E0US23|54312|666|33109|934|24080|876|9029|746|3016|444|6013|528|21203|967|17132|898|4071|455
04000E0US24|81497|804|49725|1128|36579|1123|13146|708|3461|442|9685|640|31772|1127|26666|1149|5106|489
04000E0US25|44406|797|27104|954|20812|752|6292|679|2030|380|4262|525|17302|748|13663|765|3639|386
04000E0US26|383929|2058|244748|1872|189647|1796|55101|1481|20117|1121|34984|991|139181|1941|110355|1839|28826|1122
04000E0US27|316372|1557|200772|1653|159273|1589|41499|1212|14618|735|26881|875|115600|1691|95818|1604|19782|945
04000E0US28|359981|2114|227261|2481|148632|2628|78629|2064|16421|1144|62208|1760|132720|2373|114643|2390|18077|1261
04000E0US29|261940|1563|165824|1849|123707|1841|42117|1478|13232|850|28885|1216|96116|1995|78820|1918|17296|919
04000E0US30|59652|602|36493|911|29429|962|7064|560|2519|357|4545|488|23159|824|19088|849|4071|454
04000E0US31|141887|981|89947|1308|69262|1340|20685|969|6624|607|14061|825|51940|1312|43431|1257|8509|661
04000E0US32|80176|918|53214|1153|41889|1090|11325|912|4615|637|6710|708|26962|1157|22006|1221|4956|563
04000E0US33|171583|1227|110237|1660|88733|1626|21504|862|7917|658|13587|831|61346|1577|47645|1606|13701|763
04000E0US35|227731|1836|143994|2261|95325|2158|48669|1970|16094|1135|32575|1670|83737|1787|71178|1837|12559|791
04000E0US36|412450|1912|249424|2124|182528|2023|66896|1601|21955|934|44941|1317|163026|2179|131813|2001|31213|1245
04000E0US37|614222|2406|399065|3272|280892|3539|118173|2579|30701|1498|87472|2290|215157|3013|182063|2958|33094|1371
04000E0US38|46955|885|28269|887|22093|894|6176|638|2902|520|3274|440|18686|982|15633|926|3053|460
04000E0US39|662855|2320|423672|2830|323020|3195|100652|2794|34715|1683|65937|1790|239183|2865|201020|2607|38163|1435
04000E0US40|289509|1370|182967|1837|131672|1931|51295|1229|15428|648|35867|1057|106542|1828|88904|1824|17638|883
04000E0US41|238589|1366|148932|1908|109835|2041|39097|1638|12617|864|26480|1314|89657|1872|71870|1844|17787|1064
04000E0US42|561516|2132|360903|2390|275960|2307|84943|1720|29096|1081|55847|1646|200613|2428|167630|2211|32983|1235
04000E0US45|169755|1512|110492|1748|76787|1733|33705|1357|8356|764|25349|1193|59263|1487|52293|1438|6970|596
04000E0US46|98591|888|55827|1145|45542|1149|10285|700|4161|482|6124|515|42764|1240|34950|1148|7814|583
04000E0US47|376177|1788|247232|2704|183876|2597|63356|1939|19496|1204|43860|1331|128945|2484|108636|2313|20309|1266
04000E0US48|592141|2534|404241|3422|293360|3218|110881|2653|30422|1340|80459|2292|187900|3298|159757|3131|28143|1487
04000E0US49|89515|966|65462|1143|54952|1173|10510|708|3938|498|6572|527|24053|1097|19259|1037|4794|518
04000E0US50|123982|949|72989|1267|57424|1223|15565|798|4946|500|10619|601|50993|1291|41009|1238|9984|697
04000E0US51|101986|1045|62876|1345|42725|1232|20151|1045|5178|574|14973|906|39110|1326|34101|1404|5009|502
04000E0US53|257331|1669|164436|1889|127208|2184|37228|1587|12719|932|24509|1236|92895|2026|71610|1938|21285|1234
04000E0US54|104872|1012|66234|1221|49431|1169|16803|898|5218|449|11585|785|38638|1280|32285|1227|6353|581
04000E0US55|354532|1427|222103|1661|176248|1574|45855|1258|16235|848|29620|873|132429|1786|107147|1878|25282|923
04000E0US56|112331|973|69014|1327|55070|1308|13944|833|5298|593|8646|733|43317|1293|34193|1341|9124|686
04000E0US72|54166|1078|35318|1066|19682|1015|15636|917|4324|517|11312|762|18848|869|16064|883|2784|435
04000E1US01|84925|1351|53198|1065|33034|1183|20164|1088|4411|606|15753|1027|31727|1425|27311|1366|4416|574
04000E1US02|16582|280|9391|493|7200|472|2191|308|579|167|1612|262|7191|502|5558|505|1633|276
04000E1US04|23543|597|15028|574|10685|618|4343|547|1111|247|3232|497|8515|696|7272|642|1243|303
04000E1US05|92276|1321|54395|1247|33380|1148|21015|1220|4711|584|16304|1013|37881|1497|32572|1454|5309|602
04000E1US06|59929|1027|30961|923|19558|905|11403|752|3119|438|8284|691|28968|1346|22338|1228|6630|631
04000E1US08|55184|1054|31319|973|23403|956|7916|782|2835|563|5081|646|23865|1262|19074|1119|4791|499
04000E1US09|18685|528|10972|511|7225|522|3747|451|1099|255|2648|432|7713|625|6086|564|1627|333
04000E1US10|3516|283|2415|279|1411|306|1004|255|190|98|814|248|1101|266|1016|247|85|91
04000E1US12|32912|957|19642|868|12491|772|7151|723|1699|368|5452|646|13270|1017|10090|859|3180|495
04000E1US13|128815|1624|74749|1710|42559|1295|32190|1425|6511|758|25679|1442|54066|1889|44653|1676|9413|866
04000E1US15|28995|955|18416|902|12806|888|5610|578|1265|276|4345|504|10579|784|7809|599|2770|524
04000E1US16|42497|759|26008|997|20270|990|5738|714|1645|272|4093|619|16489|1132|10838|804|5651|834
04000E1US17|165280|1721|85487|1414|55356|1380|30131|1327|9052|822|21079|1072|79793|1853|67074|1929|12719|797
04000E1US18|152912|1643|87383|1248|57705|1382|29678|1110|9897|779|19781|989|65529|1821|54163|1882|11366|800
04000E1US19|108612|1180|62044|987|45042|1129|17002|872|5233|486|11769|703|46568|1447|38568|1496|8000|756
04000E1US20|119108|1128|69892|1310|48322|1249|21570|1064|6544|639|15026|886|49216|1380|39695|1336|9521|656
04000E1US21|106146|1248|59312|1140|37798|1037|21514|989|5796|598|15718|961|46834|1362|37760|1332|9074|789
04000E1US22|49972|1063|27927|835|15043|719|12884|812|2774|407|10110|672|22045|1029|17689|1009|4356|524
04000E1US23|16257|532|7482|442|4542|438|2940|375|653|207|2287|353|8775|663|7179|635|1596|288
04000E1US24|27230|617|15265|605|10057|557|5208|468|980|217|4228|439|11965|681|10358|660|1607|314
04000E1US25|12699|574|7193|437|5151|404|2042|382|717|281|1325|232|5506|455|4257|439|1249|319
04000E1US26|85955|1038|43424|829|29217|999|14207|690|4422|431|9785|599|42531|1199|32559|1114|9972|744
04000E1US27|133459|1573|75190|1186|54539|1096|20651|1057|6161|586|14490|768|58269|1650|48100|1509|10169|795
04000E1US28|135019|1660|73682|1523|40734|1437|32948|1159|6022|784|26926|1118|61337|1768|51508|1786|9829|1095
04000E1US29|98628|1354|54345|1053|35279|1073|19066|973|5223|549|13843|895|44283|1387|35986|1347|8297|646
04000E1US30|26922|535|14365|593|10985|676|3380|388|1071|234|2309|345|12557|718|10675|671|1882|334
04000E1US31|82233|764|48049|1071|34675|1095|13374|868|3542|434|9832|767|34184|1088|28219|1070|5965|610
04000E1US32|38821|744|24926|832|18722|812|6204|649|2421|442|3783|548|13895|845|10901|817|2994|421
04000E1US33|47000|916|25995|636|19040|766|6955|582|2442|417|4513|457|21005|974|16411|956|4594|557
04000E1US35|115559|1626|69259|1547|45046|1443|24213|1398|8180|814|16033|1265|46300|1488|39214|1388|7086|677
04000E1US36|103036|949|51682|867|30516|935|21166|866|6247|635|14919|753|51354|1120|41592|1101|9762|756
04000E1US37|157056|1654|90891|1613|54635|1388|36256|1511|7552|784|28704|1365|66165|1708|55448|1834|10717|704
04000E1US38|32428|763|18082|794|13424|836|4658|579|2201|493|2457|417|14346|944|11897|864|2449|442
04000E1US39|213451|1802|115218|1516|77671|1472|37547|1561|11856|915|25691|1212|98233|2059|82221|1893|16012|936
04000E1US40|149139|1339|85789|1365|56847|1386|28942|961|7912|570|21030|763|63350|1657|51812|1757|11538|811
04000E1US41|80210|1007|47175|962|32114|1047|15061|978|4400|629|10661|892|33035|1129|26666|1100|6369|614
04000E1US42|81243|1215|42422|882|28029|988|14393|805|4369|483|10024|729|38821|1378|31565|1351|7256|710
04000E1US45|30739|953|17246|673|9769|637|7477|640|1759|457|5718|561|13493|945|12033|892|1460|305
04000E1US46|67643|760|34512|956|27073|906|7439|580|2932|383|4507|461|33131|1062|26810|1095|6321|529
04000E1US47|107242|1594|61486|1410|38774|1060|22712|1184|5861|694|16851|1002|45756|1713|37838|1566|7918|837
04000E1US48|272660|2397|170574|1913|112210|2234|58364|1719|14336|994|44028|1471|102086|2580|85313|2523|16773|1323
04000E1US49|31699|685|21899|607|17172|732|4727|544|1668|317|3059|426|9800|768|7336|692|2464|365
04000E1US50|19114|581|9255|547|6495|510|2760|399|966|296|1794|332|9859|710|7946|650|1913|418
04000E1US51|28294|549|15640|665|8510|472|7130|572|1626|318|5504|475|12654|710|11269|689|1385|310
04000E1US53|76918|1372|41701|887|28464|1149|13237|915|3544|476|9693|863|35217|1528|24972|1254|10245|1021
04000E1US54|21762|636|11616|442|7836|410|3780|381|1046|210|2734|351|10146|805|8107|702|2039|353
04000E1US55|109728|1255|58706|1038|41827|993|16879|923|5187|592|11692|641|51022|1429|40170|1446|10852|721
04000E1US56|63435|844|35827|980|27056|910|8771|770|3207|543|5564|637|27608|957|21019|989|6589|601
04000E1US72|12143|636|7086|606|3165|428|3921|543|944|279|2977|451|5057|446|4316|437|741|201
04000E2US01|193653|1694|132565|1423|97679|1815|34886|1423|10451|737|24435|1238|61088|1771|54145|1676|6943|510
04000E2US02|2317|92|1607|93|1330|95|277|69|113|48|164|46|710|112|523|107|187|65
04000E2US04|69877|1004|48463|958|33192|959|15271|816|4727|495|10544|662|21414|1010|17827|917|3587|510
04000E2US05|144885|1416|99664|1587|76989|1294|22675|1101|7351|714|15324|982|45221|1542|39862|1524|5359|591
04000E2US06|174362|1493|109758|1591|82722|1689|27036|1211|9223|778|17813|999|64604|1707|51324|1524|13280|949
04000E2US08|122887|1377|78476|1378|64201|1639|14275|976|5221|622|9054|689|44411|1567|33519|1408|10892|783
04000E2US09|68572|787|46125|979|36067|984|10058|867|3477|457|6581|726|22447|871|17733|869|4714|605
04000E2US10|102925|1087|69614|1442|55093|1409|14521|909|3818|513|10703|755|33311|1368|27507|1277|5804|520
04000E2US12|106850|1346|71390|1347|52986|1431|18404|1078|6612|681|11792|923|35460|1569|27640|1476|7820|931
04000E2US13|273362|1861|193032|1833|140328|2408|52704|1644|15410|873|37294|1333|80330|2029|68302|1961|12028|866
04000E2US15|68709|1174|46070|1276|33234|1152|12836|880|4757|538|8079|687|22639|983|17210|946|5429|467
04000E2US16|84758|1084|61509|1176|52056|1178|9453|605|3377|339|6076|538|23249|1129|19675|1108|3574|388
04000E2US17|256359|1485|169626|1265|133197|1264|36429|1197|12156|715|24273|892|86733|1422|73315|1353|13418|693
04000E2US18|254584|1544|180775|1938|147231|2008|33544|1214|12391|902|21153|846|73809|1774|62212|1684|11597|841
04000E2US19|92170|951|62124|796|51432|870|10692|661|4282|384|6410|479|30046|1101|24590|1105|5456|480
04000E2US20|58487|746|41222|703|34785|778|6437|502|2261|299|4176|429|17265|803|15045|787|2220|287
04000E2US21|263428|1747|182808|2090|138325|1832|44483|1502|13992|831|30491|1296|80620|1830|68068|1825|12552|918
04000E2US22|113060|1190|74739|1443|50780|1333|23959|1157|7160|758|16799|921|38321|1706|33525|1574|4796|679
04000E2US23|38055|687|25627|693|19538|665|6089|612|2363|434|3726|376|12428|672|9953|648|2475|323
04000E2US24|54267|805|34460|845|26522|773|7938|549|2481|395|5457|493|19807|908|16308|863|3499|399
04000E2US25|31707|806|19911|833|15661|672|4250|538|1313|281|2937|465|11796|668|9406|669|2390|317
04000E2US26|297974|1812|201324|1629|160430|1402|40894|1187|15695|934|25199|818